[audio]

master=0.4500000100352877
sfx=0.2900000044291197
music=0.8000000022836401
