[audio]

master=0.7900000002134363
sfx=0.6599999974568318
music=0.03000000021153757
